A
B
b

lA
0
0
.3
1
.7
1
1
0
.8
0
.7
.25
.3
.25
.2
0
.35
.45
.45
.8
.55
.8
.65
.45

1
8
2
7
2
9
2
10
3
11
4
12
4
6
4
5

9
7
12
6

end
lB
0
0
0
1
.75
1
1
.75
.75
.5
1
.25
.75
0
.25
.7
.25
.8
.5
.8
.7
.75
.5
.7
.25
.2
.25
.3
.5
.3
.7
.25
.5
.2

1
13
2
14
2
8
2
9
3
10
4
11
5
12
5
8
5
14
5
15
6
16
7
17
1
13

end
lb
0
0
0
1
.25
1
.25
.7
.5
.7
.7
.5
.7
.2
.5
0
.25
.25
.25
.4
.4
.4
.4
.25

1
9
2
10
3
10
4
10
5
11
6
12
7
12
8
9
1

end