l0
0.316667
0.983333
0.716667
0.96
0
0.596667
0.116667
0.156667
0.48
0.0366667
0.906667
0.153333
1.00333
0.616667
0.446667
0.653333
0.533333
0.696667
0.656667
0.64
0.646667
0.526667
0.4
0.526667
0.613333
0.393333
0.41
0.36

7
11
10
12
6
12
5
13
4
13
3
11
2
7
0
8
1
9
6
10

end
l1
0
0.823333
0.123333
0.636667
0.263333
0.973333
0.253333
0.703333
0.556667
0.943333
0.256667
0.316667
0.53
0.313333
0.00666667
0.32
0.02
0.0433333
0.753333
0.3
0.763333
0.0566667

0
1
2
3
4
5
6
8
7
10
6
9

end
l2
0.01
0.813333
0.133333
0.623333
0.246667
0.983333
0.256667
0.703333
0.546667
0.93
0.393333
0.65
0.686667
0.783333
0.696667
0.523333
0.333333
0.513333
0.543333
0.366667
0
0.276667
0.413333
0.313333
0.0166667
0.0533333
0.72
0.323333
0.673333
0.0333333

0
1
2
3
4
5
6
5
7
8
9
10
11
12
13
14

end
l3
0.01
0.886667
0.12
0.633333
0.27
0.98
0.303333
0.73
0.686667
0.926667
0.453333
0.706667
0.786667
0.646667
0.453333
0.59
0.67
0.53
0.303333
0.57
0.306667
0.47
0.753333
0.383333
0.496667
0.343333
0.626667
0.0733333
0.3
0.3
0.256667
0.05
0.176667
0.423333
0
0.226667

0
1
2
3
4
5
6
7
8
9
8
10
11
12
13
14
15
16
17

end
l4
0.273333
0.973333
0.546667
0.933333
0
0.5
0.336667
0.473333
0.03
0.3
0.426667
0.453333
0.413333
0.58
0.586667
0.613333
0.596667
0.443333
0.68
0.426667
0.7
0.24
0.61
0.25
0.633333
0.0733333
0.44
0.0333333
0.43
0.243333

6
7
5
8
11
9
10
5
11
12
13
14
11
5
14
3
4
3
2
1
0

end
l5
0.573333
0.993333
0.59
0.716667
0
0.926667
0.216667
0.723333
0.0233333
0.373333
0.223333
0.566667
0.343333
0.433333
0.433333
0.636667
0.426667
0.313333
0.646667
0.426667
0.583333
0.0666667
0.263333
0.273333
0.233333
0.0366667
0.103333
0.343333
0.0133333
0.0733333

0
1
2
3
4
5
6
7
8
9
8
10
11
12
13
14

end
l6
0.306667
0.986667
0.583333
0.926667
0
0.69
0.4
0.67
0.02
0.19
0.35
0.0266667
0.756667
0.17
0.81
0.52
0.61
0.686667
0.32
0.443333
0.436667
0.476667
0.493333
0.393333
0.406667
0.303333
0.3
0.36

1
0
3
2
9
4
13
5
12
6
11
7
10
8
9
3

end
l7
0
0.953333
0.08
0.61
0.636667
0.983333
0.433333
0.7
0.79
0.773333
0.35
0.56
0.7
0.576667
0.753333
0.573333
0.72
0.426667
0.63
0.433333
0.22
0.55
0.193333
0.466667
0.293333
0.456667
0.133333
0.183333
0.45
0.04

0
1
2
3
4
5
6
7
8
6
9
5
14
5
12
10
11

12
13
14

end
l8
0.546667
0.943333
0.61
1.00333
0.736667
0.926667
0.6
0.593333
0.66
0.533333
0.756667
0.256667
0.57
0.0466667
0.126667
0.06
0
0.333333
0.113333
0.583333
0.0366667
0.763333
0.07
0.966667
0.34
1.01333
0.366667
0.786667
0.436667
0.763333
0.376667
0.653333
0.313333
0.723333
0.373333
0.456667
0.43
0.363333
0.403333
0.323333
0.356667
0.323333
0.316667
0.353333

1
2
0
3
14
3
15
4
17
5
18
6
19
7
20
8
21
9
17
10
15
11
16
12
13
0
14

end
l9
0.04
0.913333
0.29
0.993333
0.486667
0.953333
0.706667
0.983333
0.34
0.773333
0.413333
0.743333
0.42
0.693333
0.36
0.66
0.283333
0.7
0
0.566667
0.216667
0.413333
0.42
0.476667
0.35
0.0733333
0.646667
0.0566667

12
11
13
6
3
5
2
4
1
8
0
8
9
7
10
6
11

end
lA
0.38
0.47
0.43
0.646667
0.456667
0.64
0.51
0.466667
0.266667
0.963333
0.57
0.983333
0
0.103333
0.286667
0.06
0.356667
0.263333
0.546667
0.256667
0.623333
0.0466667
0.896667
0.0733333

7
6
8
4
0
4
1
5
2
11
3
9
0
8

9
10
11

end
lB
0
0.956667
0
0.0533333
0.206667
0.0466667
0.646667
0.103333
0.72
0.423333
0.52
0.543333
0.706667
0.646667
0.61
0.93
0.406667
0.986667
0.26
0.753333
0.32
0.753333
0.376667
0.703333
0.273333
0.626667
0.276667
0.43
0.403333
0.343333
0.336667
0.273333
0.266667
0.286667

1
0
2
16
3
15
4
14
5
13
12

16
13
0
12
0
9
8
10
7
11
6
12
5

end
lC
0.85
0.893333
0.71
0.626667
0.566667
0.973333
0.46
0.683333
0.08
0.863333
0.31
0.493333
0
0.466667
0.17
0.11
0.45
0.336667
0.57
0.0433333
0.653333
0.456667
0.866667
0.173333

0
1
2
3
4
5
6
8
7
10
9
11

end
lD
0.0166667
0.97
0
0.05
0.526667
0.976667
0.483333
0.0666667
0.836667
0.743333
0.87
0.273333
0.36
0.706667
0.336667
0.346667
0.526667
0.643333
0.55
0.466667

7
0
6
2
8
4
9
5
7
3
1
0

end
lE
0
0.903333
0.0733333
0.0433333
0.68
0.0566667
0.703333
0.326667
0.333333
0.293333
0.33
0.42
0.543333
0.44
0.52
0.64
0.313333
0.63
0.293333
0.696667
0.653333
0.706667
0.643333
0.973333

10
11
9
0
8
1
5
1
4
2
3

8
7
5
6

end
lF
0
0.0533333
0.313333
0.06
0.286667
0.41
0.503333
0.383333
0.53
0.603333
0.29
0.636667
0.296667
0.726667
0.656667
0.723333
0.686667
0.966667
0.0233333
0.966667

7
8
6
9
5
0
2
1

5
2
4
3

end
lG
0
0.533333
0.07
0.173333
0.34
0.0933333
0.513333
0.143333
0.523333
0.0533333
0.793333
0.0533333
0.78
0.32
0.833333
0.326667
0.846667
0.51
0.543333
0.503333
0.55
0.436667
0.416667
0.37
0.276667
0.476667
0.293333
0.63
0.433333
0.7
0.58
0.643333
0.733333
0.873333
0.503333
0.996667
0.106667
0.926667

8
7
9
6
10
5
10
4
10
3
11
2
12
1
13
0
14
18
15
17
16

end
lH
0
0.93
0.29
0.963333
0.293333
0.633333
0.51
0.653333
0.53
0.966667
0.79
0.976667
0.81
0.06
0.603333
0.0733333
0.57
0.373333
0.35
0.326667
0.363333
0.0533333
0.08
0.0766667

1
0
2
11
10
9
2
8
3
4
5
8
6
7

end
lI
0
0.303333
0.04
0.05
0.686667
0.15
0.686667
0.306667
0.503333
0.34
0.496667
0.706667
0.676667
0.706667
0.696667
0.98
0.02
0.916667
0.0166667
0.703333
0.206667
0.696667
0.216667
0.313333

0
1
11
2
3
4
11
5
10
8
9
7
5
6

end
lJ
0
0.306667
0.103333
0.09
0.423333
0.0633333
0.643333
0.24
0.603333
0.716667
0.8
0.716667
0.77
0.95
0.143333
0.973333
0.17
0.743333
0.406667
0.733333
0.373333
0.303333
0.256667
0.326667
0.18
0.426667

0
12
1
11
2
10
3
9
4
7
8
6
4
5

end
lK
0
0.943333
0.0366667
0.04
0.356667
0.123333
0.336667
0.34
0.613333
0.0433333
0.88
0.253333
0.533333
0.573333
0.756667
0.936667
0.486667
0.983333
0.316667
0.653333
0.306667
0.99

0
1
10
1
9
1
3
1
2

7
8
6
9
6
3
5
4

end
lL
0
0.966667
0.35
0.956667
0.03
0.0233333
0.333333
0.31
0.61
0.0533333
0.656667
0.383333

0
1
2
3
4
5

end
lM
0
0.943333
0.0966667
0.0933333
0.383333
0.0533333
0.346667
0.553333
0.56
0.24
0.77
0.55
0.763333
0.103333
1.04
0.0566667
0.983333
0.936667
0.68
0.99
0.53
0.656667
0.3
0.983333

2
1
3
0
3
11
4
10
5
9
5
8
6
7

end
lN
0
0.0866667
0.256667
0.0366667
0.273333
0.41
0.483333
0.0733333
0.733333
0.12
0.753333
0.97
0.416667
0.95
0.44
0.633333
0.226667
0.946667
0.0366667
0.95

1
2
0
9
8
2
7
3
4
5
7
6

end
lO
0
0.773333
0.04
0.313333
0.313333
0.0533333
0.803333
0.08
0.976667
0.393333
0.863333
0.86
0.436667
0.993333
0.35
0.473333
0.52
0.356667
0.656667
0.503333
0.573333
0.65
0.413333
0.643333

0
11
1
7
2
8
3
9
4
10
5
11
6
0

end
lP
0
0.0766667
0.0133333
0.956667
0.463333
0.983333
0.75
0.776667
0.65
0.406667
0.326667
0.383333
0.323333
0.06
0.316667
0.603333
0.31
0.736667
0.42
0.69
0.423333
0.62

6
0
5
1
7
1
8
2
9
3
10
4
7
5

end
lQ
0
0.46
0.09
0.11
0.383333
0.0466667
0.696667
0.113333
0.813333
0.03
0.986667
0.236667
0.846667
0.333333
0.953333
0.62
0.796667
0.923333
0.433333
0.973333
0.116667
0.88
0.33
0.503333
0.456667
0.416667
0.423333
0.49
0.556667
0.556667
0.616667
0.5
0.65
0.596667
0.48
0.693333

13
14
12
15
3
4
5
6
3
15
6
16
7
17
8
17
9
11
10
11
0
12
1
3
2

end
lR
0
0.1
0.0133333
0.983333
0.48
0.963333
0.686667
0.703333
0.606667
0.466667
0.47
0.423333
0.763333
0.153333
0.503333
-0.00666667
0.283333
0.336667
0.256667
0.0633333
0.27
0.62
0.28
0.713333
0.376667
0.686667
0.386667
0.626667

6
7
5
8
13
4
12
3
11
2
11
1
10
0
13
0
8
9

end
lS
0.00666667
0.143333
0.106667
0.37
0.23
0.0433333
0.36
0.326667
0.646667
0.0633333
0.466667
0.366667
0.78
0.39
0.35
0.426667
0.573333
0.636667
0.0866667
0.476667
0.32
0.663333
0
0.73
0.42
0.733333
0.223333
0.96
0.633333
0.693333
0.58
0.986667
0.73
0.92

0
1
2
3
4
5
6
7
8
9
10
11
12
13
14
15
16

end
lT
0.00666667
0.936667
0
0.716667
0.26
0.7
0.22
0.0533333
0.546667
0.0633333
0.513333
0.686667
0.77
0.666667
0.796667
0.99

6
7
5
0
2
1

2
3
5
4

end
lU
0
0.98
0.01
0.35
0.23
0.103333
0.52
0.0433333
0.886667
0.136667
0.87
0.956667
0.533333
0.943333
0.553333
0.406667
0.45
0.36
0.303333
0.453333
0.31
0.97

0
10
1
9
2
8
3
7
4
6
5

end
lV
0
0.853333
0.31
0.0433333
0.653333
0.0433333
0.89
0.926667
0.546667
0.98
0.48
0.403333
0.32
0.963333

0
6
1
5
2
4
3

end
lW
1.20333
0.94
1.06333
0.0633333
0.793333
0.0266667
0.593333
0.0466667
0.233333
0.0433333
0.863333
0.96
0.833333
0.42
0.653333
0.296667
0.713333
0.853333
0.523333
0.836667
0.46
0.466667
0.313333
0.98
0
0.893333

12
11
4
10
3
9
7
8
2
6
1
5
0

end
lX
0
0.256667
0.236667
0.0533333
0.423333
0.283333
0.663333
0.04
0.94
0.203333
0.623333
0.533333
0.846667
0.87
0.536667
0.973333
0.416667
0.78
0.223333
0.973333
0.05
0.8
0.26
0.543333

0
1
11
2
5
3
4

10
9
11
8
5
7
6

end
lY
0
0.743333
0.29
0.976667
0.48
0.733333
0.573333
0.976667
0.873333
0.876667
0.62
0.48
0.646667
0.0633333
0.3
0.0566667
0.326667
0.473333

0
1
8
2
7
2
6
2
5
3
4

end
lZ
0
0.353333
0.02
0.0466667
0.85
0.0533333
0.833333
0.393333
0.48
0.373333
0.62
0.506667
0.796667
0.503333
0.823333
0.576667
0.696667
0.576667
0.81
0.686667
0.833333
0.963333
0.0433333
0.98
0.06
0.71
0.353333
0.66
0.266667
0.58
0.08
0.583333
0.0233333
0.523333
0.183333
0.516667

11
12
10
13
9
14
8
17
5
0
4
1
3
2

15
16
14
17

8
5
7
6

end
lAe
0
0.103333
0.283333
0.0566667
0.353333
0.266667
0.546667
0.256667
0.616667
0.0533333
0.893333
0.08
0.57
0.98
0.26
0.963333
0.426667
0.646667
0.456667
0.633333
0.513333
0.47
0.38
0.466667
0.186667
1.07
0.18
1.16667
0.326667
1.16667
0.316667
1.06667
0.52
1.17333
0.676667
1.16667
0.52
1.08667
0.663333
1.07

1
2
0
11
7
8
6
9
5
10
11
2
3
10
3
5
4

13
12
14
15

16
18
17
19

end
lOe
0
0.78
0.0466667
0.316667
0.326667
0.05
0.81
0.0833333
0.976667
0.39
0.866667
0.853333
0.446667
0.99
0.416667
0.636667
0.35
0.473333
0.526667
0.356667
0.66
0.5
0.576667
0.65
0.203333
1.16333
0.2
1.05333
0.336667
1.05667
0.35
1.16
0.536667
1.16333
0.54
1.07
0.683333
1.05667
0.693333
1.16667

1
8
2
9
3
10
4
11
5
7
6
8
0
1

12
13
15
14

16
17
19
18

end
lUe
0
0.98
0.0133333
0.35
0.243333
0.1
0.533333
0.04
0.893333
0.143333
0.88
0.953333
0.543333
0.946667
0.563333
0.403333
0.456667
0.356667
0.31
0.45
0.316667
0.97
0.176667
1.07
0.176667
1.17
0.316667
1.16667
0.316667
1.07
0.516667
1.08
0.52
1.16667
0.673333
1.16667
0.663333
1.06667

0
10
1
9
2
8
3
7
4
6
5

12
11
13
14

16
15
17
18

end
lPi
0
0.966667
0.01
0.906667
0.13
0.913333
0.116667
0.0666667
0.316667
0.0366667
0.356667
0.906667
0.516667
0.896667
0.496667
0.05
0.713333
0.0633333
0.74
0.89
0.843333
0.906667
0.85
0.966667

4
3
5
2
0
1
11
2
11
5
10
6
9
7
8

end
lSigma
0.61
0.806667
0.706667
0.806667
0.623333
0.906667
0.703333
0.98
0.19
0.9
0.00333333
0.976667
0
0.926667
0.556667
0.553333
0.313333
0.546667
0.183333
0.116667
0.01
0.14
0.01
0.0366667
0.743333
0.0333333
0.65
0.116667
0.626667
0.256667
0.746667
0.246667

0
1
2
3
4
5
7
6
7
8
9
10
9
11
13
12
14
15

end
lOSlash
0.00333333
0.72
0
0.26
0.0833333
0.21
0
0.113333
0.106667
0.04
0.2
0.14
0.343333
0.04
0.81
0.16
0.91
0.58
0.796667
0.75
0.92
0.873333
0.76
0.983333
0.7
0.906667
0.673333
0.946667
0.326667
0.986667
0.293333
0.643333
0.433333
0.71
0.5
0.69
0.27
0.43
0.24
0.466667
0.4
0.34
0.613333
0.556667
0.626667
0.5
0.52
0.346667

11
12
10
17
9
18
21
2
20
3
5
4

9
21
8
22
7
23
6
20
5

2
18
1
19
0
15
14
16
13
17
12

end
la
0
0.4
0.01
0.156667
0.243333
0.06
0.423333
0.15
0.45
0.0566667
0.656667
0.0933333
0.613333
0.603333
0.386667
0.723333
0.0933333
0.696667
0.0866667
0.493333
0.35
0.553333
0.38
0.483333
0.226667
0.503333
0.246667
0.3
0.28
0.353333
0.37
0.333333
0.39
0.286667
0.36
0.256667

8
9
7
10
6
11
5
16
4
3
16
2
17
1
13
0
14
12
15
11
16

end
lb
0
0.943333
0.05
0.103333
0.48
0.0366667
0.78
0.173333
0.713333
0.603333
0.46
0.703333
0.313333
0.643333
0.326667
0.99
0.313333
0.453333
0.316667
0.34
0.41
0.32
0.456667
0.396667
0.383333
0.47

7
0
6
1
8
1
9
2
10
3
11
4
12
5
8
6

end
lc
0.683333
0.143333
0.566667
0.356667
0.346667
0.0333333
0.356667
0.316667
0.0733333
0.123333
0.3
0.396667
0
0.543333
0.386667
0.483333
0.293333
0.72
0.536667
0.433333
0.63
0.683333

0
1
2
3
4
5
6
7
8
9
10

end
ld
0.376667
0.303333
0.256667
0.373333
0.296667
0.506667
0.443333
0.456667
0
0.62
0.00333333
0.13
0.3
0.0466667
0.486667
0.133333
0.503333
0.0466667
0.733333
0.0766667
0.756667
0.973333
0.48
0.966667
0.48
0.683333
0.26
0.726667

8
9
7
10
3
0
7
1
6
1
5
2
4
2
13
3
12
3
10
12
11

end
le
0.3
0.483333
0.34
0.55
0.413333
0.543333
0.453333
0.473333
0
0.623333
0
0.213333
0.27
0.04
0.713333
0.103333
0.62
0.3
0.413333
0.273333
0.3
0.343333
0.72
0.356667
0.7
0.603333
0.413333
0.723333

0
10
3
11
2
12
1
13
1
4
0
5
10
6
9
7
8

end
lf
0.00333333
0.606667
0
0.403333
0.106667
0.42
0.0966667
0.04
0.396667
0.04
0.373333
0.423333
0.483333
0.41
0.51
0.653333
0.376667
0.636667
0.43
0.723333
0.606667
0.683333
0.68
0.93
0.383333
0.976667
0.123333
0.86
0.106667
0.633333

0
1
14
2

8
5
7
6

4
3
5
2
8
14
9
13
9
12
10
11

end
lg
0.26
0.473333
0.28
0.403333
0.38
0.506667
0.393333
0.426667
0.0933333
-0.166667
0.166667
0.0633333
0.516667
-0.203333
0.393333
0.0233333
0.723333
-0.0233333
0.4
0.166667
0.63
0.2
0.223333
0.203333
0.05
0.173333
0.133333
0.223333
0
0.423333
0.08
0.676667
0.306667
0.733333
0.43
0.7
0.506667
0.763333
0.653333
0.693333
0.61
0.64
0.656667
0.52
0.586667
0.286667
0.48
0.233333

12
11
13
1
14
0
15
2
16
2
17
2
18
2
19
2
20
3
21
3
22
1
23
11
10
9
8
7
6
5
4

end
lh
0
0.923333
0.0333333
0.0633333
0.306667
0.98
0.313333
0.66
0.303333
0.06
0.343333
0.423333
0.553333
0.71
0.526667
0.443333
0.773333
0.616667
0.523333
0.06
0.8
0.0466667

0
1
2
1
3
4
5
3
7
6
7
8
9
10

end
li
0.05
0.66
0
0.0533333
0.283333
0.656667
0.33
0.0433333
0.01
0.893333
0.0633333
0.72
0.14
0.983333
0.27
0.733333
0.293333
0.933333

0
1
2
3

4
5
6
7
8

end
lj
0.0466667
0.0566667
0
-0.173333
0.313333
-0.22
0.173333
0.0333333
0.42
0.0266667
0.196667
0.69
0.42
0.673333
0.15
0.813333
0.193333
0.973333
0.33
0.736667
0.37
0.983333
0.436667
0.873333

0
1
3
2
5
4
6

7
8
9
10
11

end
lk
0
0.91
0.00333333
0.0633333
0.286667
0.993333
0.26
0.0433333
0.296667
0.626667
0.276667
0.293333
0.44
0.723333
0.69
0.626667
0.473333
0.47
0.74
0.263333
0.51
0.0633333

0
1
2
3
4
5
6
8
7

5
8
10
9

end
ll
0
0.943333
0.0566667
0.0633333
0.293333
0.986667
0.306667
0.0433333

0
1
2
3

end
lm
0
0.673333
0
0.0633333
0.143333
0.703333
0.13
0.623333
0.19
0.0533333
0.21
0.453333
0.313333
0.473333
0.346667
0.0233333
0.54
0.0333333
0.53
0.466667
0.606667
0.446667
0.643333
0.0733333
0.923333
0.05
0.86
0.63
0.703333
0.713333
0.526667
0.693333
0.463333
0.633333
0.296667
0.713333

2
0
3
1
3
4
3
5
17
6
16
7
16
8
16
9
15
10
14
11
13
12

end
ln
0
0.706667
0.00666667
0.0366667
0.166667
0.713333
0.196667
0.633333
0.223333
0.0566667
0.223333
0.403333
0.266667
0.696667
0.393333
0.476667
0.52
0.72
0.696667
0.523333
0.38
0.0566667
0.65
0.0433333

2
0
3
1
3
4
3
5
6
7
8
10
9
11

end
lo
0
0.353333
0.16
0.0433333
0.53
0.0466667
0.666667
0.356667
0.6
0.636667
0.37
0.723333
0.0833333
0.67
0.266667
0.393333
0.3
0.466667
0.38
0.466667
0.436667
0.383333
0.36
0.323333

0
7
6
8
5
9
4
10
3
11
2
7
1
0

end
lp
0
-0.193333
0.323333
-0.196667
0.0433333
0.73
0.25
0.753333
0.25
0.623333
0.55
0.726667
0.74
0.41
0.636667
0.113333
0.41
0.05
0.276667
0.106667
0.253333
0.44
0.273333
0.343333
0.376667
0.48
0.39
0.276667
0.453333
0.39

1
0
9
2
11
2
10
2
4
3

10
4
12
5
14
6
13
7
13
8
11
9

end
lq
0.33
0.333333
0.353333
0.463333
0.476667
0.44
0.49
0.296667
0
0.493333
0.05
0.193333
0.29
0.0433333
0.51
0.103333
0.493333
-0.206667
0.81
-0.21
0.783333
-0.0566667
0.72
-0.0366667
0.733333
0.673333
0.463333
0.706667
0.463333
0.636667
0.233333
0.683333

9
10
8
11
7
12
3
13
2
14
1
15
0
4
0
5
3
6
7

end
lr
0.00333333
0.67
0
0.0533333
0.19
0.706667
0.21
0.606667
0.46
0.683333
0.59
0.506667
0.46
0.333333
0.37
0.436667
0.293333
0.363333
0.28
0.0533333

2
0
3
1
3
9
3
8
4
7
5
6

end
ls
0
0.123333
0.0733333
0.266667
0.313333
0.02
0.31
0.206667
0.533333
0.19
0.34
0.253333
0.493333
0.393333
0.0533333
0.32
0.27
0.49
0
0.573333
0.316667
0.513333
0.183333
0.69
0.39
0.716667
0.523333
0.6
0.436667
0.446667

0
1
2
3
4
5
6
7
8
9
10
11
14
12
13

end
lt
0.183333
0.956667
0.403333
0.98
0.166667
0.713333
0.386667
0.713333
0.02
0.713333
0
0.5
0.16
0.493333
0.54
0.723333
0.533333
0.51
0.39
0.503333
0.153333
0.0766667
0.4
0.3
0.583333
0.0533333
0.56
0.26

13
12
11
10
9
6
8
5
7
5
3
5
2
5
4

0
2
1
3

end
lu
0
0.703333
0.03
0.153333
0.286667
0.723333
0.26
0.313333
0.163333
0.0633333
0.416667
0.38
0.423333
0.153333
0.396667
0.71
0.666667
0.693333
0.433333
0.05
0.643333
0.04

0
2
1
3
4
5
6
9
10
7
8

end
lv
0
0.62
0.223333
0.71
0.366667
0.453333
0.44
0.703333
0.71
0.67
0.183333
0.05
0.56
0.0666667

0
1
5
2
6
3
4

end
lw
0
0.673333
0.206667
0.703333
0.11
0.103333
0.293333
0.383333
0.373333
0.0566667
0.413333
0.226667
0.533333
0.0333333
0.676667
0.0566667
0.313333
0.65
0.493333
0.623333
0.52
0.423333
0.56
0.703333
0.856667
0.613333

0
1
2
3
4
8
5
9
6
10
7
11
12

end
lx
0
0.283333
0.146667
0.0633333
0.333333
0.2
0.546667
0.0233333
0.7
0.203333
0.523333
0.386667
0.64
0.67
0.406667
0.736667
0.35
0.563333
0.21
0.733333
0.0266667
0.546667
0.193333
0.41

0
1
11
2
5
3
4

10
9
11
8
5
7
6

end
ly
0.00333333
0.05
0.136667
-0.223333
0.49
-0.0966667
0.7
0.633333
0.41
0.703333
0.356667
0.403333
0.24
0.71
0
0.643333
0.24
0.0766667

0
1
8
2
7
2
6
2
5
2
4
3

end
lz
0
0.713333
0.04
0.473333
0.273333
0.503333
0.02
0.306667
0.06
0.0833333
0.57
0.0533333
0.596667
0.336667
0.376667
0.316667
0.62
0.523333
0.62
0.686667

0
1
9
2
8
3
7
4
6
5

end
lae
0
0.396667
0.01
0.15
0.243333
0.06
0.43
0.143333
0.446667
0.05
0.653333
0.09
0.616667
0.603333
0.38
0.726667
0.0966667
0.69
0.09
0.493333
0.353333
0.553333
0.38
0.49
0.226667
0.503333
0.286667
0.35
0.25
0.3
0.356667
0.256667
0.386667
0.29
0.37
0.33
0.07
0.77
0.07
0.94
0.22
0.936667
0.21
0.773333
0.406667
0.94
0.563333
0.95
0.406667
0.783333
0.556667
0.776667

11
17
12
13
0
14
1
15
2
16
3
5
4
6
16
6
17
6
11
7
10
8
9

19
18
20
21

22
24
23
25

end
loe
0
0.35
0.163333
0.04
0.536667
0.05
0.67
0.36
0.606667
0.626667
0.386667
0.723333
0.0933333
0.67
0.273333
0.39
0.366667
0.32
0.446667
0.386667
0.393333
0.47
0.31
0.47
0.09
0.933333
0.0933333
0.77
0.233333
0.77
0.24
0.933333
0.43
0.936667
0.433333
0.78
0.576667
0.766667
0.59
0.943333

6
11
0
7
1
8
2
9
3
10
4
11
5
6

12
13
15
14

16
17
19
18

end
lue
0
0.696667
0.0266667
0.146667
0.17
0.0566667
0.423333
0.15
0.433333
0.0466667
0.643333
0.04
0.673333
0.69
0.396667
0.713333
0.426667
0.38
0.263333
0.313333
0.286667
0.73
0.1
0.793333
0.0966667
0.95
0.246667
0.95
0.233333
0.79
0.433333
0.8
0.433333
0.96
0.593333
0.97
0.58
0.79

0
10
1
9
2
8
3
4
5
8
6
7

12
11
13
14

16
15
17
18

end
ldoubles
0.0133333
0
0
0.463333
0.0166667
0.87
0.223333
0.996667
0.54
0.97
0.64
0.673333
0.5
0.563333
0.633333
0.493333
0.63
0.21
0.443333
0.05
0.216667
0.0966667
0.266667
0.26
0.373333
0.25
0.44
0.363333
0.316667
0.453333
0.26
0.623333
0.373333
0.72
0.35
0.813333
0.233333
0.796667
0.166667
0.656667
0.133333
0.336667
0.18
0.02

21
0
20
1
19
2
18
3
17
4
16
5
15
6
14
7
13
8
12
9
11
10

end
loslash
0.05
0.56
0.18
0.686667
0.38
0.71
0.48
0.65
0.54
0.706667
0.61
0.666667
0.553333
0.603333
0.613333
0.54
0.65
0.306667
0.553333
0.09
0.39
0.03
0.146667
0.0966667
0.07
0.0366667
0
0.08
0.06
0.16
0
0.31
0.253333
0.376667
0.246667
0.44
0.29
0.503333
0.346667
0.47
0.393333
0.413333
0.416667
0.35
0.363333
0.27
0.3
0.31

13
12
14
11
16
23
19
20
3
6
4
5

6
20
7
21
8
22
9
23
10
11

14
16
15
17
0
18
1
19
2
3

end
lpi
0.0266667
0.466667
0.00333333
0.473333
0
0.6
0.0533333
0.686667
0.113333
0.71
0.586667
0.713333
0.583333
0.55
0.463333
0.553333
0.463333
0.243333
0.473333
0.216667
0.513333
0.2
0.546667
0.23
0.553333
0.3
0.593333
0.3
0.583333
0.14
0.523333
0.0433333
0.383333
0.0633333
0.313333
0.213333
0.323333
0.54
0.223333
0.536667
0.216667
0.166667
0.156667
0.0566667
0.0333333
0.05
0.0433333
0.11
0.1
0.14
0.116667
0.553333
0.0666667
0.55
0.0366667
0.536667

0
1
27
2
26
3
25
4
19
5
18
7
17
8
16
9
15
10
14
11
13
12

7
5
6

22
23
21
24
20
25
19

end
ldelta
0.216667
0.846667
0.246667
0.986667
0.343333
0.83
0.426667
0.97
0.4
0.713333
0.616667
0.85
0.426667
0.606667
0.723333
0.376667
0.48
0.43
0.573333
0.0533333
0.363333
0.236667
0.183333
0.0266667
0
0.24
0.206667
0.366667
0.02
0.57
0.313333
0.593333
0.2
0.716667

1
0
3
2
5
4
7
6
7
8
9
10
11
13
12
15
14
6
16
4

end
lmu
0
0.216667
0.06
-0.183333
0.293333
-0.166667
0.26
0.126667
0.356667
0.0566667
0.493333
0.126667
0.493333
0.0533333
0.763333
0.0633333
0.706667
0.713333
0.433333
0.686667
0.46
0.36
0.356667
0.293333
0.273333
0.38
0.31
0.716667
0.0633333
0.666667

2
1
3
0
14
13
0
12
3
11
4
10
5
9
8
5
7
6

end
lSigma
0.61
0.806667
0.706667
0.806667
0.623333
0.906667
0.703333
0.98
0.19
0.9
0.00333333
0.976667
0
0.926667
0.556667
0.553333
0.313333
0.546667
0.183333
0.116667
0.01
0.14
0.01
0.0366667
0.743333
0.0333333
0.65
0.116667
0.626667
0.256667
0.746667
0.246667

0
1
2
3
4
5
7
6
7
8
9
10
9
11
13
12
14
15

end
l"
0
0.95
0.06
0.6
0.183333
0.98
0.13
0.573333
0.2
0.963333
0.15
0.583333
0.353333
0.96
0.28
0.583333

0
1
2
3

4
5
6
7

end
l:
0
0.676667
0.176667
0.696667
0.0366667
0.473333
0.22
0.513333
0.0533333
0.256667
0.216667
0.27
0.0633333
0.0733333
0.24
0.09

0
1
2
3

4
5
6
7

end
l-
0
0.656667
0.02
0.403333
0.393333
0.683333
0.42
0.423333

0
1
2
3

end
